-57.083652 -52.685284 -57.141357 0.000000
-2.147856 -11.520311 -39.825226 0.000000
-59.999790 -60.000000 -60.000000 0.000000
-60.000000 0.000000 -72.000000 0.000000
0.000000 0.000000 0.000000 0.000000
0.000000 0.000000 0.000000 0.000000
0.000000 0.000000 0.000000 0.000000
0.051118 0.002463 0.001539 0.000000
0.000000 -0.000001 0.001309 0.000000
-0.000000 -0.000000 0.000000 0.000000
0.000000 0.000000 -0.006289 0.000000
0.000000 0.000000 0.000319 0.000000
0.000000 0.000000 0.000000 0.000000
0.000000 0.000000 0.000000 0.000000
0.000594 0.000099 0.000503 0.000000
0.000045 0.000000 0.000000 0.000000
0.000001 0.000049 0.000000 0.000000
0.000000 0.000000 0.000001 0.000000
0.000000 0.000000 0.000000 0.000000
0.000000 0.000000 0.000000 0.000000
0.000000 0.000000 0.000000 0.000000
0.000000 0.048594 0.000000 0.000000
0.000001 0.000001 0.000010 0.000000
0.000007 0.000082 0.000000 0.000000
0.000000 0.000000 0.000000 0.000000
0.000307 0.000000 0.000022 0.000000
0.000000 0.000000 0.000000 0.000000
0.000000 0.000000 0.000000 0.000000
0.000000 0.000000 0.000000 0.000000
0.000566 0.037701 0.000000 0.000000
0.000000 0.000000 0.000001 0.000000
0.000000 0.000000 0.000000 0.000000
0.000000 0.000001 0.000230 0.000000
0.000000 0.000000 0.000000 0.000000
0.000000 0.000000 0.000000 0.000000
0.000000 0.000000 0.000000 0.000000
0.000000 0.000000 0.000000 0.000000
0.000000 0.000000 0.000000 0.000000
0.000072 0.000000 0.000000 0.000000
0.000000 0.000000 0.000009 0.000000
0.000000 0.000000 0.000000 0.000000
0.000000 0.000000 0.000000 0.000000
0.000000 0.000000 0.000000 0.000000
0.000000 0.000000 0.000000 0.000000
0.000000 0.000000 0.000000 0.000000
0.000000 0.000000 0.000000 0.000000
0.150682 0.000000 0.000000 0.000000
0.000000 0.000000 0.000000 0.000000
0.000000 0.000000 0.000000 0.000000
0.000000 0.000000 0.000000 0.000000
0.000000 0.000000 0.000000 0.000000
0.000000 0.000000 0.000000 0.000000
0.000000 0.000000 0.000000 0.000000
0.000000 0.000000 0.000000 0.000000
0.000000 0.000000 0.000000 0.000000
0.000000 0.000000 0.000000 0.000000
0.000001 0.000001 0.000000 0.000001
0.000001 0.000001 0.000000 0.000005
0.000000 0.000000 0.000000 0.000002
0.000000 0.000000 0.000000 0.000000
0.000000 0.000000 0.000000 0.000000
0.000000 0.000000 0.000000 0.000000
0.000000 0.000000 0.000000 0.000000
-0.039118 -9.576106 -0.001006 -1.505740
-1.410196 -57.413433 -9.500775 -14.756420
-9.601453 -59.412754 -0.000004 -0.031135
-60.000000 -0.039316 -9.599990 -59.999996
0.000000 -72.000000 -24.000000 0.000000
0.000000 0.000000 -60.000000 0.000000
0.000000 0.000000 0.000000 0.000000
0.000530 0.000025 0.000588 -0.000296
0.000006 0.000003 0.000000 0.000042
-3.812229 0.000341 9.600006 -0.017274
-0.000192 -0.000058 0.000000 0.000176
-9.595023 -9.599188 0.008847 0.000000
0.000000 0.000000 0.000000 0.000000
0.000000 0.000000 0.000000 0.000000
0.000127 0.863952 0.000000 0.000001
0.000001 0.000006 0.011915 0.011370
0.000000 0.000013 0.000000 0.001772
0.000000 0.000000 0.000000 0.000097
0.000027 0.000034 0.000000 0.000000
0.000001 0.000008 0.000000 0.000000
0.000000 0.000000 0.000000 0.000000
0.000000 0.000000 0.000000 0.000001
0.000003 0.000003 0.000000 0.000014
0.001107 0.000011 0.000000 0.000000
0.000000 0.000000 0.000000 0.000003
0.000005 0.000000 0.000000 0.000010
0.000003 0.000000 0.000000 0.000001
0.000000 0.000000 0.000000 0.000000
0.000002 0.000028 0.000000 0.000000
0.000038 0.000198 0.000000 0.000000
0.000000 0.460800 0.000000 0.000000
0.000032 0.000006 0.000001 0.000014
0.016031 0.000000 0.000000 0.000000
0.000001 0.000000 0.000000 0.000000
0.000000 0.000000 0.000000 0.000001
0.000000 0.000000 0.000000 0.000000
0.000000 0.000000 0.000002 0.000000
0.000000 0.000000 0.000000 0.000000
0.000047 0.000000 0.000124 0.000000
0.000000 0.000007 0.000000 0.000000
0.000143 0.000004 0.000000 0.000000
0.000000 0.000000 0.000000 0.000000
0.000000 0.000000 0.000000 0.000000
0.000000 -0.000693 0.000000 0.000000
0.000000 0.000000 0.000000 0.000000
0.000000 0.000000 0.000000 0.000000
0.000000 0.000000 0.000000 0.000000
0.000000 0.000000 0.000000 0.000000
0.000000 0.000000 1.536000 0.000000
0.000000 0.000001 0.000001 0.000000
60.000000 0.000039 0.000009 0.000000
0.000000 0.000000 0.000000 0.000000
0.000000 0.000000 0.000000 0.000005
0.000000 0.000000 0.000000 0.000000
0.000000 0.000000 0.000000 0.000000
0.000000 0.000000 0.000000 0.000000
0.129103 0.025984 0.000008 0.000137
0.011235 59.995945 -0.169224 0.000001
0.000000 0.000000 0.000000 0.000000
60.041012 0.136956 -0.004718 0.000000
0.021471 -0.035600 0.000000 0.000445
0.000000 0.000000 0.000003 0.000000
0.000000 0.000000 0.000000 0.000000
-0.242189 -1.464981 -60.000000 -0.245697
-9.553857 -0.017461 -0.003100 -57.571198
39.112030 -14.013374 -53.826801 -54.129822
-0.454264 -2.358979 -2.303966 -23.999184
-0.051081 -59.506496 -59.078403 -60.000000
-60.000000 -0.002516 -0.000004 0.000000
0.000000 0.000000 0.000000 0.000000
-0.158252 -0.020070 0.000348 0.000000
0.000286 0.000014 0.000001 0.004975
0.000001 0.000001 0.000000 -0.000002
0.323661 1.902970 0.000000 7.755757
-0.069685 -0.039285 -0.000895 0.000000
-60.000000 -24.000000 0.000002 0.000000
2.880014 0.000000 0.000000 0.000000
0.021068 0.000000 0.000031 0.000000
0.000003 0.000013 0.000000 0.000001
0.001376 0.000000 0.000001 -0.000003
0.000074 0.000001 0.000000 0.000698
0.000002 0.000000 0.000000 0.000000
0.000000 0.000000 0.000001 0.000000
1.654327 0.000000 0.000000 0.000000
0.000001 0.000009 0.000000 0.000002
0.000001 0.000000 0.000000 0.003367
0.000002 0.000006 0.004719 0.000172
0.000927 0.000484 0.000001 9.600309
0.000000 0.000046 0.000061 0.000000
0.000000 0.000000 0.000003 0.000000
0.000001 0.000000 0.000000 0.000000
0.000000 0.000000 0.000000 0.000000
0.000000 0.000002 0.000000 0.000000
0.000180 0.000006 0.000000 0.000000
0.138328 0.239916 0.000001 0.000000
0.000000 0.000005 0.000016 0.000000
0.000000 0.000000 0.000001 0.000000
0.000000 0.000000 0.000000 0.000000
0.000000 0.000000 0.000000 0.000000
0.000000 -0.000144 0.000000 0.000000
0.000000 0.000000 0.000000 0.000000
0.000002 0.000000 0.000000 0.000002
0.000000 0.000000 0.000000 0.000000
0.000000 0.000000 0.000000 0.000000
0.000000 0.000000 0.000000 0.000000
0.000000 0.000000 0.000001 0.000000
0.000009 0.000027 0.000018 0.000006
0.000001 0.000004 0.000038 0.000000
0.000003 0.000000 0.000001 0.000001
0.000001 0.000000 0.011503 0.000000
0.000000 0.000000 0.000000 0.000000
0.000000 0.000000 0.000000 0.000000
0.000052 0.000000 0.000009 0.000000
0.000008 0.000465 0.011850 0.000001
0.000000 0.000008 0.000079 0.000000
0.000001 0.000018 0.002210 0.000000
0.001442 0.000759 0.000009 0.000075
0.042955 0.008372 0.000000 0.000048
0.000000 0.000000 0.000000 0.000000
0.000002 0.000011 -0.011621 0.000088
-0.611535 0.088346 0.000005 0.000006
0.000025 0.000034 -0.000028 0.000000
0.000006 0.000004 0.041258 0.000000
0.001800 0.000535 -0.000003 0.014458
0.000004 0.000007 0.000000 0.003370
0.000000 0.000001 0.000006 0.000000
0.000000 -59.999901 -59.999496 -0.006151
-2.873334 -22.180340 -23.861279 -0.000145
-0.596262 -0.000041 -22.412743 -23.997631
40.580147 -54.927307 -56.876732 -52.199364
-0.039238 -1.278211 -0.092548 -0.001256
-0.093339 -0.000002 -1.536000 -0.215102
-60.000000 -59.999817 -59.999992 -59.996967
0.000101 0.000000 0.000000 0.000050
0.014421 0.070153 0.000003 0.000008
0.001663 0.000497 0.000000 -0.000000
0.000003 0.000001 0.000000 -0.000023
-0.033343 -0.015550 0.000000 -0.000610
-0.000383 0.000533 0.013212 -0.000988
0.000003 0.000000 -1.535970 0.000008
0.000000 0.000000 0.000000 0.000088
0.000142 0.000001 0.000001 0.000000
0.001853 0.000001 0.000007 0.000000
0.000001 0.000001 0.000001 0.000004
0.000126 0.000001 0.000000 0.000001
-0.005538 0.000000 0.000000 0.000003
0.000121 0.000073 0.000000 0.000000
0.000000 0.000000 0.000000 0.000000
0.000000 0.000000 0.000000 0.000010
0.000000 0.000000 0.000000 0.000001
0.000016 0.000009 0.000001 0.000474
0.000006 0.000039 0.000000 0.000000
0.000000 0.000825 0.000000 0.000000
0.000001 0.000000 0.000000 0.000000
0.000000 0.000000 0.000000 0.000000
0.000000 0.000000 0.000000 0.000000
-0.000000 -0.000000 0.000000 0.000000
0.000000 0.000000 0.000001 0.000008
0.000000 -0.000001 0.000000 -0.000001
0.000000 0.000000 0.000000 0.000000
0.000000 0.000000 0.000000 0.000000
0.000000 0.000000 0.000000 0.000000
0.000302 0.000000 0.000001 0.000212
0.000000 0.000000 0.000000 0.000000
0.000769 0.136519 0.000019 0.000225
0.000036 0.000002 0.000000 0.000001
0.000000 0.000993 0.000000 0.000000
0.000000 0.000000 0.000000 0.000000
0.000000 0.000000 0.000000 0.000000
0.000006 0.000001 0.000000 0.000075
0.000332 0.000056 0.000000 0.000000
0.000045 0.000000 0.000925 0.000240
0.000002 0.000002 0.000083 0.000226
0.000000 0.000000 0.000000 0.000000
0.000000 0.000000 0.000001 0.073880
0.000113 0.000256 0.000000 0.000012
0.000001 0.000003 0.000000 0.000455
0.000000 0.000000 0.000000 0.000000
0.000004 0.000009 0.000000 0.000000
0.000002 0.000001 0.000000 0.000000
0.000521 0.000057 0.000001 0.000000
0.000744 0.000149 0.000000 0.000031
0.000000 0.000000 0.000000 0.000000
0.000004 0.000006 -0.000001 0.000162
0.000023 0.000302 0.000000 0.000000
0.000807 -0.000898 3.513595 0.000000
0.000000 0.000000 0.001363 0.000000
0.038154 0.000220 0.000000 0.001096
0.000034 0.000006 0.000000 0.000024
0.000000 0.000000 0.000000 -60.000000
-59.999985 -59.999943 -59.999966 -23.997673
-0.015731 -3.839990 -59.999889 -0.098301
-0.053432 -1.530706 -3.822258 -0.076954
-40.858929 -47.451244 -40.164310 -50.411827
-0.000003 -0.000604 -1.533347 -59.999882
-0.000002 -0.000065 -0.000045 -23.981724
0.000000 0.000000 0.000000 0.000000
0.000009 0.000000 0.000000 0.000000
0.015908 0.000007 0.000007 0.000000
0.597308 -0.049734 0.000000 0.000001
0.000001 0.000002 0.000000 59.996986
0.000523 0.001347 0.000001 -0.000153
-9.599071 -1.536156 0.000001 -0.006290
0.000000 0.000000 0.000000 0.000000
0.000000 0.000000 0.000001 0.000000
0.000000 0.000001 0.000000 0.000000
0.000000 0.000000 0.000001 0.001158
0.000001 0.000001 0.000000 0.000014
0.000000 0.000000 0.000000 0.000024
0.000000 0.000000 0.000000 0.000000
0.000000 0.000000 0.000000 0.000000
0.000000 0.000000 0.000000 0.000000
0.000000 0.000000 0.000000 0.000000
-0.001026 0.000000 0.000000 0.000000
0.000000 -0.000124 0.000000 0.000000
0.000000 0.000000 0.000000 -0.334070
0.000000 0.000000 0.000000 0.000000
0.000000 0.000000 0.000838 0.000000
0.000000 0.000000 0.000000 0.000000
0.000000 0.000000 0.000000 0.000000
0.002903 0.000000 0.000000 0.000000
0.001107 0.000000 0.000000 0.000000
7.338068 0.000000 0.000000 0.000000
0.000000 0.000000 0.000000 0.000000
0.000000 0.000000 0.000000 0.000000
0.000017 0.000019 0.000000 0.000000
0.000000 0.000000 0.000000 0.000000
0.594818 0.594457 0.000878 0.000000
0.000000 0.000002 0.000000 0.000000
0.864000 0.345600 0.000000 0.000000
0.065252 0.001268 0.000000 0.000000
0.000002 0.000000 0.000000 0.000000
0.000010 0.000000 0.000000 0.000000
0.000003 0.000000 0.000000 0.000000
0.000696 0.000684 0.000000 0.000000
0.000306 0.000036 0.000000 0.000001
0.000729 0.000000 -0.028733 0.000000
0.000000 0.000001 0.000001 0.000000
0.000000 0.000000 0.000000 0.000000
0.000119 0.000042 0.000000 0.000000
0.000400 0.000000 0.000000 0.000000
0.000050 0.000278 0.000000 0.000000
0.000084 0.000000 0.007794 0.000000
0.000001 0.000031 0.000074 0.000000
0.000000 0.000911 0.000000 0.000000
0.000000 0.000000 0.000000 0.000000
0.000042 0.000000 0.012442 0.000000
0.000000 0.000000 0.000000 0.000000
-0.052024 0.294948 0.022988 0.001028
0.000275 0.000224 0.000351 0.000000
0.014531 0.000391 0.011631 0.000000
0.000413 0.000410 0.000000 0.000025
0.000000 0.000000 0.000000 0.000000
0.000000 0.000000 0.000000 0.000000
-59.999996 -59.999996 0.000000 -9.600000
-56.373959 -59.715492 -71.655396 -58.082611
-59.998398 -0.026805 -59.999996 -0.023597
-34.364666 -6.959782 -15.464417 -42.198814
-0.612967 -0.139355 -0.015348 -0.000161
0.000000 0.000000 0.000000 0.000000
0.000000 0.000000 0.000000 0.000000
0.000000 0.000000 0.000000 0.000000
0.000019 0.006698 0.000000 0.000000
0.012839 0.000061 0.000000 0.000000
0.000000 0.000000 0.000001 0.000000
0.000000 0.000000 0.000000 0.000000
0.000000 0.000000 0.000000 0.000000
0.000000 0.000000 0.000000 0.000000
0.000000 0.000000 0.000000 0.000000
0.000000 0.000000 0.000000 0.000000
0.000000 0.000000 0.000000 0.000000
-0.133628 -0.000000 0.000000 0.000000
0.000000 0.000000 0.000000 0.000000
0.000000 0.000000 0.000000 0.000000
0.000000 0.000000 0.000000 0.000000
0.000000 0.000000 0.000000 0.000000
0.000000 0.000000 0.000000 0.000000
0.000000 0.000000 0.000000 0.000000
0.000000 0.000000 0.000000 0.000000
0.000000 0.000000 0.000000 0.000000
0.000000 0.000000 0.000000 0.000000
0.000000 0.000000 0.000000 0.000000
0.000000 0.000000 0.000000 0.000000
0.010367 0.000000 0.000000 0.028035
0.000009 0.000000 0.000000 0.000000
0.000004 0.000000 0.000000 0.322715
0.000000 0.000000 0.000000 0.000000
0.000000 0.000000 0.000000 0.000000
0.000000 0.000000 0.000000 0.000000
0.000000 0.000000 0.000000 0.000000
0.000002 0.007974 0.000000 0.005981
0.000926 0.000001 0.000000 0.000000
0.000000 0.000000 0.000000 0.000000
0.013477 0.000000 0.000000 0.000000
0.000000 0.000000 0.000000 0.000000
0.000000 0.000000 0.000000 0.000000
0.000000 0.000000 0.000000 0.000000
0.000000 0.000000 0.000000 0.000000
0.000014 0.000007 0.000000 0.000003
0.000000 0.000070 0.000000 0.000001
0.000000 0.000001 0.000000 0.000014
0.000000 0.000000 0.000000 0.000000
0.000000 0.000000 0.000000 0.000000
0.000000 0.000000 0.000000 0.000000
0.000044 0.000037 0.000000 0.004074
0.000000 0.000000 0.000000 0.000000
0.000000 0.000000 0.000000 0.000000
0.000000 0.000005 0.000000 0.000004
0.000000 0.000000 0.000000 0.000000
0.000000 0.000000 0.000000 0.000000
0.000000 0.000000 0.000000 0.000000
0.000000 0.005256 0.000000 0.559718
0.000000 0.000000 0.000000 0.000000
0.000000 0.000000 0.000000 0.000000
0.000161 0.000755 0.000000 0.000000
0.000000 0.000000 0.000000 0.000000
0.000000 0.000000 0.000000 -72.000000
0.000000 0.000000 0.000000 0.000000
-60.000000 0.000000 0.000000 -24.000000
-60.000000 -60.000000 0.000000 -0.245760
-60.000000 -0.047219 0.000000 -60.000000
-57.141357 -57.133488 0.000000 -56.645481
0.000000 0.000000 0.000000 0.000000
0.000000 0.000000 0.000000 0.000000
0.000000 0.000000 0.000000 0.000000
0.000000 0.000000 0.000000 0.000000
0.000000 0.000000 0.000000 0.000000
0.000000 0.000000 0.000000 0.000000
0.000000 0.000000 0.000000 0.000000
