-28.943512 -233.396942 -87.358780 0.000000
-234.000000 -234.000000 -234.000000 0.000000
-600.000000 -600.000000 -87.600006 0.000000
-600.000000 -600.000000 -600.000000 0.000000
0.000000 0.000000 -600.000000 0.000000
0.000000 0.000000 0.000000 0.000000
0.000000 0.000000 0.000000 0.000000
0.000144 0.000016 0.000550 0.000000
0.000003 0.000557 0.000060 0.000000
0.000000 0.000001 0.000353 0.000000
0.000000 0.000000 0.000000 0.000000
0.000000 0.000000 0.000000 0.000000
0.000000 0.000000 0.000000 0.000000
0.000000 0.000000 0.000000 0.000000
0.000004 0.000029 0.000312 0.000000
0.000371 0.000635 0.000001 0.000000
0.000146 0.000003 0.000624 0.000000
2.400001 0.000000 0.034560 0.000000
0.000000 0.000000 0.000000 0.000000
0.000000 0.000000 0.000000 0.000000
0.000000 0.000000 0.000000 0.000000
0.009349 0.000001 0.000776 0.000000
0.000202 0.001123 0.000002 0.000000
0.003817 0.288000 2.400003 0.000000
0.000000 0.000000 0.000000 0.000000
0.000000 0.000000 0.000000 0.000000
0.000000 0.000000 0.000001 0.000000
0.000000 0.000000 0.000000 0.000000
0.000000 0.000178 0.000000 0.000000
0.000135 0.000054 0.000035 0.000000
0.720000 0.288003 0.000001 0.000000
0.000001 0.000000 0.000000 0.000000
0.000000 0.000000 0.000000 0.000000
0.000000 0.000000 0.000000 0.000000
0.000000 0.000000 0.000000 0.000000
0.000000 0.000000 0.000000 0.000000
0.000000 0.000000 0.023962 0.000000
0.000000 0.000001 0.000000 0.000000
0.000000 0.000038 0.000000 0.000000
0.000000 0.000000 0.000000 0.000000
0.000001 0.000000 0.000000 0.000000
0.000000 0.000000 0.000000 0.000000
0.000000 0.000000 0.000000 0.000000
0.000000 0.000000 0.000000 0.000000
0.000000 0.000000 0.000000 0.000000
0.000000 0.000009 0.000000 0.000000
0.000000 0.000000 0.000000 0.000000
0.000001 0.000000 0.000041 0.000000
0.000000 0.000000 0.000000 0.000000
0.000773 0.000408 0.000114 0.000000
0.000006 0.000024 0.000153 0.000000
0.288000 0.000006 0.000001 0.000000
0.000000 0.000000 0.000000 0.000000
0.000000 0.000000 0.000000 0.000000
0.000000 0.000000 0.000000 0.000000
0.000000 0.000000 0.000000 0.000000
0.000000 0.001876 0.000000 0.000000
0.000000 0.000000 0.000017 -0.000419
0.000000 0.298368 0.000003 0.000001
0.000000 0.000000 0.000000 0.000000
0.000000 0.000000 0.000000 0.000000
0.000000 0.000000 0.000000 0.000000
0.000000 0.000000 0.000000 0.000000
-87.600006 -98.831894 -87.600006 -87.599121
-233.706268 -39.879982 -87.358780 -87.599960
-116.399994 -600.000000 -29.040001 -600.000000
-600.000000 -600.000000 -234.000000 -600.000000
-600.000000 -600.000000 -600.000000 0.000000
0.000000 0.000000 -600.000000 0.000000
0.000000 0.000000 0.000000 0.000000
0.000000 0.000000 0.000385 -0.000004
0.000000 0.000000 0.000336 0.014274
0.000000 0.000000 0.000014 -0.001094
0.000000 0.000000 0.000000 0.112393
0.000000 0.000000 0.000000 0.000000
0.000000 0.000000 0.000000 0.000000
0.000000 0.000000 0.000000 0.000000
0.000000 0.000000 0.000000 0.000493
0.000000 0.000000 0.000000 -0.000428
0.000000 6.000000 0.000000 0.000001
0.000000 0.005403 0.000000 0.000000
0.000000 0.000000 0.000000 0.000001
0.000000 0.000000 0.000001 0.000000
0.000000 0.000000 0.000000 0.000000
0.003221 0.000000 0.000000 0.000000
0.000332 0.000002 0.000148 0.000000
0.000000 0.000199 0.961660 0.000001
0.000000 0.000000 0.000000 0.000010
0.000000 0.000000 0.000000 0.000000
0.000000 0.000000 0.000000 0.000000
0.000000 0.000000 0.000000 0.000000
0.000000 0.000000 0.000007 0.000000
0.000598 0.018432 0.000629 0.000000
0.000085 0.000000 0.000000 0.000000
0.000001 0.000000 0.000000 0.000000
0.000000 0.000000 0.000000 0.005858
0.000001 0.000001 0.000001 0.000000
0.000000 0.000000 0.000000 0.000000
0.000000 0.000000 0.000000 0.000000
0.000000 0.000000 0.000000 0.000000
0.000000 0.000000 0.000000 0.000000
0.000000 0.000000 0.000001 0.000000
0.000005 0.000000 0.000000 0.000000
0.000000 0.000000 0.000001 0.000000
0.000000 0.000000 0.000000 0.000000
-1.677179 0.000046 0.000146 0.008460
-0.000080 0.161228 0.067335 0.383918
0.000002 -3.484799 0.000005 -0.187687
0.000003 0.000029 0.000000 0.000035
0.000000 0.000000 0.000000 0.000000
0.000000 0.000000 0.000000 0.000000
0.000000 0.000000 0.000000 0.000000
0.000000 0.000000 0.000000 0.057582
-0.000428 0.000000 0.000000 0.000049
0.000000 0.000000 0.298368 0.000264
0.000000 0.000000 0.000030 0.000000
0.000000 0.000000 0.000000 0.000000
0.000000 0.000000 0.000000 0.000000
0.000000 0.000000 0.000000 0.000000
0.000000 0.000027 0.018388 0.000059
0.235411 0.000872 -1.914239 0.000048
-0.676818 -0.000003 -0.035668 0.000000
0.000000 -0.000011 -0.287528 0.000000
0.000000 0.000000 0.000000 0.000007
0.000000 0.000000 0.000000 0.000000
0.000000 0.000000 0.000000 0.000000
-600.000000 -600.000000 -600.000000 -234.000000
-233.978943 -45.391872 -599.998779 -598.498596
-233.471100 -29.100380 -233.396942 -598.478027
-598.768066 -39.659687 -5.571880 -233.999969
-600.000000 -600.000000 -234.000000 -600.000000
-600.000000 -600.000000 -600.000000 -600.000000
-599.999329 -600.000000 -600.000000 -600.000000
0.000027 0.000000 0.000000 -0.000000
0.242912 0.000000 0.000685 -0.009044
-3.295854 0.005070 0.000009 -0.001117
0.000000 0.000001 0.000008 -0.000005
0.000000 0.000000 0.000000 -0.000061
0.000000 0.000000 0.000000 -4.204801
0.000007 0.000008 0.000000 0.000000
0.000003 0.000000 0.000000 0.000000
0.481715 0.000000 0.000000 0.000000
0.000002 0.002059 0.000001 0.000003
0.037156 0.000003 0.960012 0.000000
0.000000 0.000000 0.000000 0.000000
0.000000 0.000000 0.000000 0.000000
0.000000 0.000000 0.000000 0.000000
0.000000 0.000000 0.000000 0.000000
0.000000 0.086868 0.013824 0.000000
0.000000 0.000001 0.000033 0.000003
0.287998 0.000132 0.000044 0.001631
0.000000 0.005858 0.000000 0.000000
0.000000 0.000000 0.000000 0.000000
0.000000 0.000000 0.000000 0.000000
0.000000 0.000000 0.000000 0.000000
0.000000 0.000000 0.000000 0.000000
0.000000 0.000000 0.000000 0.000000
0.719727 0.001540 0.000002 0.000001
0.000000 0.000000 0.000000 0.000000
0.000000 0.000024 0.000000 0.000000
0.000000 0.000000 0.000000 0.000000
-28.080000 -0.018402 -0.672679 0.000229
0.682195 0.007265 -0.763983 -0.294889
-1.396563 -0.000139 0.000001 6.000000
0.000005 0.000006 0.000001 0.000008
0.000000 0.000001 0.000112 0.719930
-0.018874 -1.843199 0.000000 -0.000938
0.000000 0.000000 0.000000 0.000000
0.000081 0.000000 0.000000 0.960000
0.000000 0.000000 -0.000428 0.000000
0.002204 0.000000 0.000151 0.000000
0.000002 0.000058 0.000000 0.000011
0.004189 0.000000 0.000000 0.000000
0.000000 0.000000 0.000000 0.000000
0.000000 0.000000 0.000000 0.000000
0.004112 0.288000 0.000000 6.000000
0.000080 0.000011 -0.000428 6.027648
0.000003 0.000000 0.000012 0.000000
0.000981 0.000000 0.001618 0.000035
0.000000 0.000003 6.005858 0.000001
0.000000 0.000000 0.000002 0.000000
0.000000 0.000000 0.000000 0.000000
0.000724 0.000000 0.285547 0.207360
0.000048 0.000000 -5.446231 0.086400
0.000001 0.000000 0.000147 0.000000
0.002441 0.000000 -0.267151 0.000000
0.000001 0.000000 -28.079962 0.000000
0.000001 0.000032 0.000000 0.000053
0.000000 0.000000 0.000000 0.000000
-600.000000 -600.000000 -600.000000 -600.000000
-600.000000 -600.000000 -599.991699 -600.000000
-29.709259 -237.565125 -233.998688 -87.358780
-90.849472 -237.123993 -87.345032 -28.943512
-5.615986 -6.173567 -87.358780 -234.000000
-600.000000 -233.999969 -87.600006 -600.000000
-600.000000 -600.000000 -600.000000 -600.000000
0.000000 0.000000 0.000000 0.000000
0.000000 0.000000 0.000018 -0.001208
0.000000 0.000007 0.000002 0.086084
0.000000 -0.000007 0.005556 -0.669151
-0.673918 0.000000 0.086392 0.002629
0.000001 0.001590 0.000000 -0.262308
0.000000 0.000000 0.000000 -0.001178
0.000000 0.000000 0.000000 0.000000
0.000012 0.000000 0.000680 0.000000
0.000000 0.000000 0.000001 0.086272
0.000000 0.000005 0.000258 -0.666833
0.084887 0.000000 0.000000 0.000000
0.000000 0.000000 0.000000 0.000000
0.000000 0.000000 0.000000 0.000000
0.000000 0.000000 0.000000 0.000000
0.000000 0.000000 0.000000 0.000000
0.000000 0.000000 0.006490 0.000000
0.000000 0.000000 0.000000 0.000012
6.000000 0.000001 6.000000 0.000003
0.000001 0.000002 0.000000 0.000006
0.000000 0.000000 0.000000 0.000000
0.000281 0.000493 0.000000 0.003932
0.000017 0.000019 -0.000014 0.000088
0.000001 0.000017 0.007139 0.032620
0.000001 0.000004 0.000007 0.000001
0.007921 0.008674 0.067250 0.003556
-0.002587 -0.002850 0.000000 0.001360
0.000000 0.000000 0.000000 0.000000
0.000000 0.000000 0.000000 0.000000
0.000000 0.499202 0.000000 0.000000
0.720000 0.000009 0.000000 0.000005
2.447665 0.004950 0.000003 0.000033
0.000000 0.000000 0.000058 0.000000
0.000000 0.000000 0.000000 0.000000
0.000000 0.000000 0.000000 0.000000
6.000000 0.000000 0.000000 0.000000
0.000200 0.000062 0.000000 0.000000
0.003870 0.010621 0.000001 0.000006
0.000001 0.019752 0.000029 0.000000
0.000011 0.000001 0.000000 0.194533
0.000014 0.000004 0.000002 0.000000
0.000000 0.000000 0.000000 0.000000
0.000000 0.000000 0.000000 0.000000
0.000000 0.000000 0.000000 0.288000
0.000000 0.000000 0.000000 0.000000
0.000000 0.001998 0.000001 2.400023
0.000005 0.000003 0.000000 0.001434
0.003056 0.011373 -1.681692 0.000014
0.000000 0.000107 0.000000 0.003012
0.000000 0.000000 -11.520000 0.000000
0.000001 0.000498 0.034555 0.000000
0.000000 0.000000 0.001163 0.000000
0.013619 0.000646 -0.088518 0.000064
0.000017 0.000000 -0.237390 0.000039
0.050488 0.000550 -0.017060 0.000516
0.000000 0.000012 0.000000 0.000192
-600.000000 0.000000 0.000000 0.000000
-600.000000 -600.000000 -599.999573 -600.000000
-600.000000 -234.000000 -600.000000 -599.999268
-86.877533 -29.023579 -233.982025 -5.577389
-243.957336 -89.464325 -28.939648 -5.577402
-600.000000 -599.988403 -87.359772 -5.615820
-600.000000 -600.000000 -234.000000 -600.000000
0.000000 0.000000 0.000000 0.000000
0.000000 0.000000 0.000000 -72.000000
0.000279 0.000000 0.000084 0.000238
0.000005 0.000011 0.000037 2.364324
0.000000 0.000000 0.000002 0.040885
0.000016 0.000000 0.000065 0.007873
0.000000 0.000000 0.000000 0.000000
0.000000 0.000000 0.000000 0.000000
0.000000 0.000000 0.000000 0.000000
0.000000 0.000000 0.000000 0.000000
0.000001 0.000001 0.000430 0.000000
0.000000 0.000000 0.010186 0.000006
0.000033 0.000133 0.000163 0.000004
0.000000 0.000000 0.000000 0.000000
0.115200 0.000000 -0.294912 0.960000
-71.999947 0.000005 0.000000 0.036864
-11.145723 0.000003 -0.074508 0.000005
0.000003 0.000001 0.000006 0.000000
0.000002 0.002572 0.014840 0.001337
0.003921 -0.227043 -0.672738 0.110537
-0.718848 -0.718824 0.000000 5.999598
0.000000 0.000000 0.000000 0.000000
0.000000 0.000000 0.000000 0.000000
0.000047 0.000000 0.000000 0.000000
0.000033 0.000000 0.000000 0.000000
0.000000 0.000000 0.000000 0.000000
0.000000 0.000000 0.000000 0.000000
0.000000 0.000000 0.000000 0.000000
0.000000 0.000000 0.000000 0.000000
0.115200 0.000000 0.000000 0.000000
0.000000 0.000000 0.000000 0.000000
0.000001 0.000003 0.000029 0.000000
0.000000 0.000132 0.000002 0.000003
0.000000 0.000394 0.000000 0.000000
0.000000 0.000000 0.000000 0.000000
0.000000 0.000000 0.000000 0.000000
0.115200 0.000000 0.004424 0.000000
0.000000 0.000000 0.000000 0.000121
0.000088 0.000000 0.000000 0.000000
0.001101 0.000009 0.000000 0.000001
0.000000 0.009922 0.000000 0.000000
0.000000 0.000000 0.000000 0.000053
0.000000 0.000000 0.000000 0.000000
0.000000 0.000000 0.000000 0.000000
0.000000 0.000000 0.000000 0.000000
0.000217 0.000000 0.000000 0.000000
0.000051 0.000109 0.000000 0.000001
0.042996 0.000004 0.000000 0.020686
0.000001 0.000480 0.000001 0.000282
0.000000 0.000000 0.000000 0.000000
0.000000 0.000000 0.000000 0.000000
0.000045 0.000000 0.004080 0.000121
0.000035 0.000000 0.000051 0.000000
0.000090 0.003168 -0.894164 0.000091
0.000346 -0.668992 0.006175 0.000000
0.000384 -0.001146 -0.000077 0.000000
0.000000 -600.000000 0.000000 0.000000
-600.000000 -600.000000 -600.000000 -600.000000
0.000000 -600.000000 -600.000000 -600.000000
-599.999878 -599.992737 -600.000000 -29.034466
-87.600006 -598.767273 -599.980408 -598.492371
-598.583008 -599.106995 -600.000000 -5.577404
-600.000000 -600.000000 -234.000000 -600.000000
0.000000 0.000000 0.000000 0.000000
0.000000 0.000000 0.000000 0.000000
0.000000 0.000000 0.000000 0.000000
0.000012 0.000001 0.000000 0.000000
-1.770295 0.000006 0.000145 0.008564
-0.027375 0.000106 0.000001 2.400000
0.000480 -28.080000 0.000000 0.000000
0.000000 0.000000 0.000000 0.000000
0.013824 0.115200 0.020017 0.153600
0.000010 0.000042 0.000349 0.000121
-0.035676 0.000001 -0.669286 0.149760
-0.221659 0.001165 0.002097 0.000000
0.122364 -0.001030 -0.107795 0.000009
0.000085 -28.079824 0.719952 0.000127
0.000000 0.000000 0.000000 0.000000
0.000000 0.000000 0.000000 0.000000
0.003836 0.000000 0.000000 0.059904
0.000000 0.000000 0.000000 0.000000
0.000000 0.000000 0.000000 0.000000
0.000000 0.000000 0.000000 0.000000
0.000000 0.000000 0.000000 0.000000
0.000000 0.000000 0.000000 0.000000
0.000000 0.000000 0.000000 0.000000
0.000000 0.000001 0.000000 0.000121
0.000000 0.000000 0.000000 0.000000
0.018432 0.000000 0.000000 0.384046
0.000000 0.000000 0.000000 0.000000
0.000000 0.000564 0.000000 0.000071
0.000000 0.000000 0.000000 0.000000
0.000000 0.000000 0.000000 0.000000
0.000000 0.000000 0.000000 0.000000
0.000000 0.000000 0.000000 0.000000
0.000000 0.000000 0.000000 0.000003
0.000000 0.000000 0.000000 0.000000
0.017971 0.000056 0.000000 0.000000
0.000000 0.000000 0.000000 0.000000
0.000000 0.000000 0.000000 0.000000
0.000000 0.000000 0.000000 0.000000
0.000000 0.000000 0.000000 0.000000
0.000003 0.000001 0.000000 0.002076
0.000000 0.000000 0.000000 0.000000
0.000197 0.000000 0.000000 0.000001
0.000000 0.000000 0.000000 0.000000
0.000000 0.000000 0.000000 0.000000
0.000000 0.000000 0.000000 0.000000
0.000000 0.000000 0.000000 0.000000
0.000317 0.000000 0.000000 0.000010
0.000000 0.000000 0.000000 0.003055
0.000022 0.000001 0.000000 0.000001
0.000000 0.000000 0.000000 0.000000
0.000000 0.000000 0.000000 0.000000
0.000000 0.000000 0.000000 0.000000
0.720000 0.000014 0.000000 0.000000
0.001636 0.000064 0.000000 0.000155
0.000000 0.000000 0.000000 0.000000
0.000000 6.000000 0.000000 0.000001
0.000000 0.000000 0.000000 0.000000
0.000000 0.000000 0.000000 0.000000
0.000000 0.000000 0.000000 -600.000000
-600.000000 -600.000000 0.000000 -600.000000
-600.000000 -600.000000 0.000000 -600.000000
-233.999939 -233.999908 0.000000 -599.992920
-28.943512 -233.396942 0.000000 -5.577358
0.000000 0.000000 0.000000 0.000000
0.000000 0.000000 0.000000 0.000000
0.001011 0.000000 0.000000 0.000063
1.248000 0.000000 0.000000 0.000000
0.000001 0.000001 0.000000 0.000386
0.000000 0.000000 0.000000 0.000000
0.194688 0.000002 0.000000 0.000001
